0              0
1              100
2              51260
3              0
4              11250
5              1
6              25060
7              1
8              2
9              85000
10             1
11             4 
12             55012
13             0
14			   14	
15             15
16             51360
17             550
18             21350
19             0
20             41360
21             100
22             31360
23             5
24             55013
25             14
26             55000
27             15
28             1
29             55000
30			   15
31             2
32             85000
33			   14
34             26
35             75000
36			   14
37             29
38			   0
-1			   2

  






          